epoch;acc;fnr;fpr;loss;val_acc;val_fnr;val_fpr;val_loss
0;0.6585664479536915;18.762709035023807;38.223386436218675;0.7601605481205842;0.8333914362232357;11.079937633067741;20.840101791763452;0.5119398556102537
1;0.8038552562145649;12.235644204584133;24.457571695605388;0.5494617352113862;0.8638423645338266;10.474468608363283;16.288822534293015;0.44185737325414287
2;0.8215338902931715;11.377446944669432;22.387497718332757;0.5094069873433078;0.8755437666225181;9.78854593404905;14.76972723096101;0.4156823602414755
3;0.8282678970289582;10.937889733572572;21.630060525355468;0.49559664585463503;0.8800909434841094;10.218691691839139;13.605981292088586;0.4093397905804886
4;0.8301417725183593;10.878091502757618;21.42018307180468;0.491756468851334;0.8830011366822134;9.664818625513375;13.531750392516303;0.3997604033878329
5;0.8331130969961094;10.650138595877124;21.05714835165984;0.48383535092941055;0.8834710116348469;9.751733399326488;13.37422181079224;0.3971438570675772
6;0.8351810791088824;10.539069456481956;20.81206692889397;0.48113247358020345;0.8884274346216829;10.887812618589528;11.416921562521509;0.4073820360021277
7;0.8355842236339704;10.584346808462488;20.75862835575786;0.4782027549691749;0.8868813946248004;10.014478806094177;12.514147278184735;0.39522518118207495
0;0.6374685510207491;19.197481829596764;40.079605206146226;0.7906791560482397;0.8303448274326216;13.18632191688737;20.060748076762337;0.5451359899146125
1;0.8000179175625814;12.36090964510318;24.921181856246942;0.5557586350998067;0.8628874574000296;10.252174189294003;16.638582528184063;0.4391121027188664
2;0.8214368369846005;11.360814975296899;22.409167564878114;0.5113349922630851;0.8814247821017891;11.262603111498372;12.463012228673405;0.4252866147548333
3;0.8266627845573208;11.017375115293754;21.833113714057504;0.498216051250805;0.8801364154660282;9.914507192443292;13.876296371945651;0.4049306087301463
4;0.829365346019977;10.992778920108833;21.447936094960536;0.49200655803741505;0.8835467979744467;9.91186615094311;13.242246245326035;0.40142311226558214
5;0.8333146692602109;10.720392137556074;21.00381665667415;0.4822426515737055;0.8841682455349077;10.36287200614059;12.742687779636535;0.40157143707662063
6;0.8344345151622939;10.668103719931148;20.88475828042549;0.48329176373557114;0.8791663509627643;8.55407451746725;15.07248526001844;0.38655546004865243
7;0.8355021015935091;10.573071015480354;20.765940432562868;0.4786759853957984;0.8876847289664676;10.592691171349067;11.858858749921596;0.4002090328026107
0;0.6657857212483528;17.716795535411784;37.75760586135177;0.7505879866192863;0.8411519516268748;11.931327819737488;19.09607446867844;0.5101661454632952
1;0.8043554540557888;12.18088046217897;24.406298859677054;0.5476138989290851;0.8698901099343785;9.23442643462279;16.157702818361365;0.4232600611897751
2;0.822541751617684;11.314273090901231;22.261124592994612;0.5071976245314225;0.8825767337973256;11.736976762275074;11.745554132840994;0.4245222174023624
3;0.8316796942314397;10.828385853274884;21.197863511934454;0.4895287663336577;0.8849867374592543;10.578404567352791;12.376755499570557;0.40648849217401123
4;0.8343971869719954;10.549078878256768;20.928640890912824;0.48328934402626267;0.8848957936932708;9.279974010614971;13.505416915419428;0.3899794011501798
5;0.835808192818036;10.519378409492157;20.759740036052776;0.4793706913530576;0.8881394468044052;10.003532329543425;12.301210898471266;0.392668499590186
6;0.8364875659998375;10.587650109180386;20.620404696166755;0.47489336891683454;0.8871390676606826;8.91085902269341;13.399203964846294;0.3813636680017958
7;0.8383763727666931;10.311669935995676;20.49745793427921;0.4721732404354539;0.888669950783185;9.714872455271685;12.448604827279528;0.38496017379758934
0;0.6505110230530552;19.05034496208807;38.90639340289349;0.7679239938913024;0.8235392194889223;12.782458237882544;21.47342361571618;0.5391450743315662
1;0.7937169179116865;13.005155454300692;25.475765577967017;0.5642910203554623;0.861780977503013;12.700537258623765;14.90859462982328;0.47041117957343925
2;0.8140682508993755;11.917451794542089;23.16665760639399;0.5248679937935045;0.8666464569786364;10.721576955924661;15.666499128569342;0.4365611390631142
3;0.8208171889143966;11.543255768981936;22.37289674859115;0.5101049114105034;0.8522470632408911;7.577232659120549;19.98384005576564;0.4151475474973572
4;0.8233405750293554;11.4040371354238;22.044317492426146;0.5034651359262737;0.873830996576969;10.31857372697351;14.707794646551863;0.4149027632185346
5;0.8258639611460942;11.246125709677056;21.798049698739465;0.4981965790438586;0.8758317544822577;10.325745786014222;14.3427597692619;0.4133371348433442
6;0.8277303709903159;11.098154318118455;21.611593843995333;0.49428458421775173;0.8796059111900156;11.06144589806109;12.986890558226175;0.41633636307833816
7;0.830007391008365;11.008577267786345;21.32226966921077;0.4914764246999387;0.8801667297667922;10.841757650415119;13.08685843967497;0.4129453186940948
0;0.6672041927306732;17.862155711150596;37.533365620802606;0.7488234489136042;0.820189465582032;9.88124422168045;23.392005753771922;0.5111990673996455
1;0.8023397314121038;12.377368340317137;24.581509440626245;0.547659664963902;0.8660401668310075;10.910238353010831;15.598208890497888;0.4429731530441213
2;0.8201228844533607;11.476768765030204;22.474492272576917;0.5107784405902135;0.8639029934181324;8.756877858926961;17.479887972907978;0.41131595593187203
3;0.8251173972003958;11.224315913072216;21.932117006805008;0.49730810409873005;0.878757105050732;11.01916020505037;13.178044771813859;0.4166149654046023
4;0.8282977595892068;11.197629846789617;21.50618491791892;0.48958237104963515;0.8830466086785872;11.456785250725552;11.93233931778145;0.4158091691679555
5;0.8327248837422458;10.79302977100923;21.00399656550024;0.48470600702644645;0.8816521407799903;10.028822797375586;13.489254565280511;0.4007269333451478
6;0.8338297983802242;10.718117440165233;20.914084798551187;0.4815134951033948;0.8826979917357843;10.155887561290722;13.18853051554574;0.3989300691187043
7;0.8343299962125483;10.803711770116552;20.821219875200104;0.47923683656457494;0.885653656717953;10.857793022161545;12.002225559042367;0.4048802404161564
0;0.6670175517555958;18.775922351947287;37.650901157696666;0.7489705855852973;0.8415915118541262;12.953534345059468;18.303403585996985;0.5222559849571757
1;0.8018992586913772;12.342415063933174;24.60692195390674;0.5518805147377872;0.8643425539715266;11.09793946312792;15.740771751215892;0.4462642169378164
2;0.8196824117255143;11.48110174337293;22.61294306452952;0.5133475266276353;0.8716028800648512;9.876291263084513;15.393329255731777;0.41725868998038224
3;0.8267150440335286;11.016903544465144;21.825937832841003;0.5000201973202534;0.8754831376957505;9.801362890826793;14.7802275116094;0.41032559475288016
4;0.8291712393952702;10.925065844113474;21.519189900039823;0.4921498811465589;0.8806517619054938;10.400143127036664;13.352247904712117;0.4097759433247095
5;0.8323889299721549;10.69360234085989;21.164161794664285;0.4887235200975505;0.8775142098448863;8.955558786612652;15.04717446188802;0.39654516212549024
6;0.8336132948355534;10.72105065037285;20.969560432557966;0.4853292339558153;0.8820613867633945;9.525475535839062;13.818917909660499;0.39511942885779394
7;0.8340239050058209;10.623007600416592;20.956848242770093;0.4819181055591256;0.8800303143874946;8.541055512827606;14.913561049472568;0.3886776287852024
0;0.6572898236123054;19.288515092259544;38.50984286412572;0.7653305084057256;0.8344676011961127;13.686586377063273;19.031291142702553;0.544130900586451
1;0.7961133881587157;12.611388818577275;25.311379129624424;0.563196849619461;0.8596286473015846;10.090551940011634;17.31192154751713;0.44587957393856564
2;0.815173165531124;11.71038954723617;23.087384786294486;0.5227346813460609;0.8562031073243205;7.594241499711095;19.342648104096327;0.4193010864080738
3;0.8215114933727625;11.41606664316911;22.3714048050036;0.5094549427313471;0.8755134521799135;9.749818237322033;14.834644491752922;0.4156129140115769
4;0.8264089528165665;11.115729309493043;21.81365650093017;0.4991286932466257;0.8734672225474769;9.172975485752188;15.616540657352797;0.4069152933781506
5;0.8279916683709098;11.00683438833369;21.639606239139827;0.4958752908950482;0.882591891010497;11.944535623415259;11.537395856813212;0.4284725931762249
6;0.8281932406345663;11.076492670643269;21.562575587761966;0.493381678146297;0.8707995453545794;7.97812329668491;16.860057527571747;0.39663562904618466
7;0.8292533614250518;10.910957776350395;21.49526549605596;0.4900550810987011;0.8841985601753662;10.792400131399047;12.357816594432094;0.41270799066090774
0;0.6568493508920238;18.575140465116377;38.479965601307235;0.7631319850051108;0.8218416064876009;11.011851106436247;22.532569197596544;0.5233278564974954
1;0.8006599625505244;12.367986654556598;24.83072139296826;0.5528767817723336;0.8623872678358476;11.10282628285248;16.050247541097313;0.44842292837908704
2;0.8200631593408731;11.33291858753777;22.67624871069572;0.5154808466184948;0.8727851460322416;10.327022802895694;14.804072680962994;0.42200242466707943
3;0.8249755500554566;11.210539850251376;21.96037416651005;0.5020826040856986;0.8704206140125371;8.457799798026596;16.540043048258756;0.40448735467364005
4;0.8287606292294525;10.887687776609651;21.627222163966973;0.49211264257437365;0.8811064797009696;10.200870649533634;13.414094117595734;0.4059908589719597
5;0.8301492381484092;10.829639889327515;21.452299182262486;0.4895724197222965;0.8830162938547297;11.357031316175386;12.016471726192403;0.41717134832748637
6;0.8320977700393221;10.818665262062366;21.168942572848085;0.48543956634507;0.8824554756881162;10.1780878250018;13.196646666864682;0.402033932938545
7;0.8338521952944034;10.714823788811316;20.974702954624256;0.48248212168194227;0.8825767335280996;9.567004093547444;13.674768066941088;0.39498057004266185
0;0.6007747020731543;20.40020516704397;43.17886606010431;0.846091627340637;0.6929161298599231;20.345306341687298;35.66146243020471;0.755545661546794
1;0.6594371095538718;22.327115635280162;38.783592944172355;0.7957019046288962;0.6808697628481785;18.162034984588335;37.31746422095465;0.7482628748745473
2;0.6631912051378225;22.038584771995094;38.4754645000901;0.7900294836758776;0.6987802107466542;20.176256796334474;35.05539047509416;0.7466594696559729
3;0.6641539851463815;22.155457230535;38.353571066071694;0.7901682755070164;0.7049928024642639;20.689059640031953;34.197940068621016;0.7482433343116095
4;0.6644002775801547;22.08020050551449;38.34134641624264;0.7884372465204993;0.7093113112968065;21.14415459519074;33.545155309212824;0.7483268933256826
5;0.6651167649970172;22.29004193359444;38.248591472993546;0.7862242998581952;0.7092507007844756;21.23397269614204;33.52047181059008;0.7481803866586628
0;0.6123988735194672;22.814994830804945;42.29299879830314;0.8262722801646389;0.7816182603917057;9.42242034897067;28.404208069067508;0.5825624274169738
1;0.8079586454905786;11.092549131925129;24.26639624450618;0.531969165265606;0.8904375521111744;8.03981905795666;13.470741745273402;0.3700579534196561
2;0.8578215691769687;8.708960588303558;18.322749726794587;0.41892937796870683;0.9196178055201902;8.674946866578217;7.380149814420286;0.3165720889324613
3;0.8791860578303561;7.432596180206342;15.782555133668238;0.3652591395272766;0.9305376508802372;6.846714194961609;7.043962881904452;0.2663842519094216
4;0.8930356249099568;6.50348478497841;14.107539251736249;0.33202437339289287;0.9366952300388113;5.221780920028687;7.38823141731684;0.23426633117241794
5;0.9014469585234758;6.088352711824585;13.021047607494028;0.3104989984418908;0.9409115038287281;4.793778041445604;6.98214288328111;0.21995192604827188
6;0.9059887798923875;5.763481150844156;12.464172080328495;0.2972907920806096;0.9445059528359508;5.008565349836314;6.075272229714544;0.21124695511360367
7;0.9096491293539494;5.608744175874539;11.95763569398514;0.2882091086751185;0.9477515734208402;4.731633971423948;5.7088450765577194;0.2003870194378819
0;0.6403228455664182;20.299650893058345;39.851428078247224;0.7855055938635086;0.8300994420670318;13.321307153630077;20.01287125303651;0.5470937130059718
1;0.8038212851613102;12.150641784865634;24.475192947122245;0.5442947687647296;0.8683907348728573;8.672594054937074;16.785324166534075;0.41591354968216476
2;0.8322084010869422;10.603040911930709;21.210692948637256;0.4824104512571988;0.8839892070616676;8.878211104462165;14.000096729823522;0.3813503708635289
3;0.84187734250585;10.154390404237105;20.005454681743736;0.4622356806849419;0.8931754791936104;8.892702272208373;12.336635068236061;0.3661217431318925
4;0.8465288873659925;9.794037122198244;19.470498772903024;0.4497699855072344;0.8986478291493494;9.413145042408331;10.827533713134203;0.36359437490562024
5;0.8512924275949094;9.568830499625266;18.898317164435706;0.4410054891665612;0.9002091924368743;9.691208871799333;10.265434488346934;0.3617710213030307
6;0.8535174040402603;9.49766511180999;18.60702254742387;0.4351387859834485;0.9018766675763358;8.48344126425407;11.053157356043855;0.3446285491526893
7;0.8542640404842076;9.337185296108455;18.57473416039125;0.4316519787182246;0.904105020587143;9.103469865055533;10.051545674899756;0.3471901731137769
0;0.7761957382216631;10.817751750638156;26.09203618416597;0.5351494320824722;0.9767614600729543;3.6233575389768613;0.9582462046379433;0.13886003340444258
1;0.9415533023487789;3.6746637993655527;7.793163000443439;0.19410034015104735;0.9841893040350331;2.8330695957574283;0.26492679993735624;0.0898692288623254
2;0.9533352248291321;3.1012478020298464;6.111521733653251;0.15679486695382933;0.9830675479742962;3.1979348277282345;0.09570917619422545;0.09042492535090868
3;0.957322263221176;2.8494460784527544;5.592043774412103;0.14594085327432588;0.9844015280858655;2.977242256292232;0.06243264024592475;0.08723624760256558
4;0.9599653560415287;2.681183092487375;5.251160030016656;0.13782420494423914;0.9856293962587582;2.70057090416482;0.11162753409330861;0.07822226284452645
5;0.9619812743118394;2.5776312228006906;4.96076851337425;0.13160713802041976;0.9796416444625781;3.8830628991849845;0.041007829990428596;0.10518677389552343
6;0.9625039198989697;2.5439129286263675;4.8912725350773005;0.1288359155505573;0.9832494544687995;3.222693300466933;0.027732900471008435;0.08881076393328678
7;0.9641166544769457;2.417457437855974;4.692656981860838;0.12437610204434643;0.9860993208394825;2.6783383481282215;0.041137971029159025;0.07672527226615583
0;0.9156140754064196;4.5370338395061625;10.35588703181369;0.23610805563297413;0.9797859186489852;3.8590646497621655;0.03279653835070039;0.10575585991161522
1;0.963341164951111;2.413333073618599;4.8413394512070065;0.12616790834454344;0.9835256752314417;3.162617557235967;0.0315755536968618;0.08642712905146775
2;0.9653667376093208;2.294078485829646;4.572847054465019;0.11995648588170754;0.9824679969082296;3.3700644199527825;0.02300903391712061;0.09120991551632714
3;0.966590738789906;2.221272102969011;4.4010635412876;0.1160748470629835;0.9825528536244981;3.360691858287094;0.013296314465723878;0.09239653129325148
4;0.9678311594880643;2.1632470604614404;4.2167438816462575;0.11213489344713234;0.9860289482761007;2.6973130225395363;0.02250647761047982;0.07540314830415136
5;0.9681550719927002;2.1299233313519896;4.187651909270977;0.1104950351567398;0.9837378170119973;3.138649952987958;0.014558256386334834;0.0855268625676103
6;0.9685954138773026;2.1283976730019827;4.108572546165192;0.10984479298282568;0.9848015565290221;2.9376570868259755;0.013201516658300364;0.07977976357475004
7;0.9691611412476394;2.0713432648988013;4.054534028425991;0.10799242232596856;0.9842469572893766;3.0445347125457527;0.014500066206630146;0.08189569154212097
0;0.9670451543180885;1.6976650725999687;3.950591468560783;0.09753484271624063;0.9952299416557443;0.9451618104075309;0.0;0.02651779353992308
1;0.9905111897022459;0.6857641685314826;1.2071429167643628;0.03590138840094471;0.9964482157695871;0.7056919901117573;0.0;0.019652371112426868
2;0.9915694823730697;0.6186830657209695;1.0635426429298582;0.03239859343886868;0.9961694067689052;0.7597726742322991;0.0;0.022029636698298785
3;0.9921143015790801;0.5758668171534669;0.9980771282841013;0.029950096905111977;0.9956390635589188;0.8641575308067888;0.0;0.02437106895514741
0;0.9074232040525899;5.709737404059819;11.739977568059235;0.28081832727390094;0.9620212886851774;4.554007446145717;3.0191829222083757;0.1622724929469102
1;0.9286927020240698;4.767486792694099;9.242350919804629;0.23379602817003947;0.9627485889617031;4.659106116080095;2.7562912978123135;0.16033702359814242
2;0.9309330891454158;4.673837741874192;8.920471565863489;0.2268722423163158;0.9622834198265086;5.177668247561757;2.277006569707785;0.16796597005083183
3;0.9321025383844702;4.623981664115609;8.751747181310424;0.22430550572993327;0.9640016667298004;4.280678630109095;2.902923728647799;0.15207452458280002
0;0.6642568000369334;16.24562755242091;37.79733605611112;0.7353421183444923;0.8895830173036924;8.557863444023914;13.230541331715616;0.42673642310705756
1;0.8634442170770259;8.290604110337256;17.617999884418666;0.40896672511808757;0.9297649736400804;8.222245014738728;5.765738798145818;0.29375625469993694
2;0.8933634069052558;7.083972992817902;13.643350251191391;0.33178996045924175;0.9421076572709594;5.83729528195755;5.727991208560183;0.22953224775780323
3;0.9035505699276619;6.267625827334315;12.524661528570403;0.3034876081585316;0.9478089460158908;5.691846122264501;4.726698070638916;0.21159043947524245
4;0.9079271664252204;6.012048045036205;11.94454379796622;0.2916264522653831;0.9478089459942;6.09676148828907;4.2991948648760765;0.21027236464893032
5;0.9106905463411483;5.958811673722453;11.508383142787357;0.2855181739183637;0.951053828612885;5.435035929575031;4.34460854186896;0.1975354346016124
6;0.9136929214040767;5.61461358723018;11.263128984410182;0.274973794927212;0.9523881728130367;6.002233738454569;3.4431338155007527;0.20297416508152596
7;0.9153658862979136;5.751101030752045;10.870670681977547;0.2721838405361125;0.9537831688903334;5.679151432985966;3.5157184037157223;0.19279225963548424
0;0.7919398926583883;8.40040277097128;24.246038391440294;0.5148630278211414;0.9920545868298789;1.4455921089224422;0.14047059262314016;0.075728511510246
1;0.9738599189692089;1.7958527171699217;3.4048473971246924;0.10138918964575194;0.9927217589082639;1.4409778799153892;0.0;0.04550230555213745
2;0.9829267927933885;1.2132851293169378;2.1855313401885557;0.06697589780932271;0.9963305533393212;0.7268917896496336;0.006635434003921058;0.023269167579512782
3;0.9855856124780721;1.0078526452912233;1.85943092107114;0.05576388073217132;0.996937073540561;0.6105113704933011;0.0;0.020209617696736373
4;0.9872436404418741;0.935768903967588;1.6076901065889608;0.04960378480171125;0.9974829416224412;0.5004884020246458;0.0;0.016948688883169177
5;0.9880651858648282;0.8559964093233983;1.528693936653792;0.04577371607467354;0.9966944655041698;0.6500445612169198;0.005729488578142769;0.020256153126900354
6;0.9880801230539479;0.8632954594296461;1.51120345569564;0.044397705096266726;0.996937073540561;0.6126487943636277;0.0;0.02000944595425259
7;0.989290035386893;0.8056429273591045;1.333763835920163;0.04065926924002542;0.9975132676269901;0.49666841519972516;0.0;0.015727480120598207
