epoch;acc;fnr;fpr;loss;val_acc;val_fnr;val_fpr;val_loss
0;0.6421997789454374;16.140037096529475;39.984315330085224;0.7758088012355299;0.8888922591603979;9.116559274854431;12.896124825434788;0.47966643984935087
1;0.8700959153526139;7.207601520568992;17.18085919813697;0.39532064311721715;0.9424593545689914;5.690242351706934;5.824693330599538;0.243728179675345
2;0.9082529057780924;5.837505544072951;11.999439806885027;0.29191379567449227;0.9529240475468079;4.232909022763758;5.156820090700486;0.18288632762704016
3;0.922042609244219;5.0531593156066785;10.195621569925255;0.25155265546163474;0.9604768259986399;4.278730225834965;3.597352777803676;0.16729439676415425
4;0.9262706545607704;4.83982435582013;9.621134283195909;0.23795733216270717;0.9644807084646366;4.2202859435142805;2.8625099268447887;0.1566262881831329
5;0.9321122300878818;4.468350920332527;8.868145458541616;0.21990780852583436;0.9670892986415862;3.607660612936189;2.951002139485134;0.13972753703999188
6;0.9355633907547936;4.210365112024402;8.456607754430612;0.2099630950182337;0.9658456683968838;4.582517171941663;2.182859620605965;0.14913558412512307
7;0.9364149758324709;4.270736174697847;8.248881704889136;0.21005035563579869;0.9687575829807227;4.1725065950570945;2.018071321919253;0.14001409657746083
0;0.6670152686333056;15.75277984468226;37.83957955534267;0.7460398093459462;0.8930478040901847;8.226290797701278;12.868920060333423;0.43106962335801075
1;0.8810768818325974;6.8098015733069674;15.768825359488671;0.3674272411282861;0.945401601480703;5.771279485096662;5.167481613112896;0.23308780157314404
2;0.9154689695625882;5.290373065507483;11.142404764095456;0.27276212131951794;0.959475855215809;4.274915634038176;3.83199780602329;0.17625885927772614
3;0.9272417605152997;4.729902633458174;9.523808431150908;0.23802568777319486;0.9625090999066381;4.714355233397712;2.7491088984979353;0.16577957430617146
4;0.9315295664136474;4.482412237651847;8.956243610561605;0.22155759062303115;0.9663309877689994;4.748380058744931;1.906469314140592;0.15962811795376772
5;0.9366838976793822;4.117221525103182;8.326757598586521;0.20968853447789;0.9668769714497328;4.710473591249795;1.8442244271692851;0.1513141181118365
6;0.938909971014444;4.023554392543013;7.994881727257553;0.2020281607530975;0.9711235137391918;3.1071641865617816;2.6667319975614374;0.12334461220908703
7;0.9409268831075437;3.8802935777126693;7.756487259884897;0.19314022668118536;0.9691215724628025;4.030087957087723;2.119177100670566;0.13543820969292159
0;0.6750380972675082;15.725469813582096;37.019074287805516;0.7292995501974057;0.8865263285610289;5.761932212558368;15.638523857618415;0.39463689443093714
1;0.8804344576869885;7.03834149686964;15.749481462536826;0.36566706014181033;0.944612958063289;5.232532432952341;5.839720973862054;0.2228748978442632
2;0.912256850138234;5.577884125054839;11.515801797802363;0.2780103968297712;0.9585052171658324;4.357926586709303;3.930253842883074;0.17848594845411586
3;0.9244479637511884;4.790830815444305;9.945853704575104;0.24774824771785783;0.9619631159221683;5.193545154390101;2.30551032503957;0.17658659902931678
4;0.9312457045887007;4.533198114858002;8.965052449343812;0.22500013787690434;0.9657850035097205;3.8309895290503424;2.9966410274963824;0.14637759896670982
5;0.9334269578293668;4.4501048178206455;8.647267251951229;0.21819951734446458;0.9688182481716223;2.8604997701073294;3.356680564179174;0.13203964684880842
6;0.9359219531199807;4.169211625604045;8.421565200720632;0.2110368039553717;0.9708201891732025;3.624252704878624;2.1898200149762923;0.13331015388513184
7;0.9393282935838559;3.8924246924463564;8.033319846706167;0.20154167980977075;0.9695158940413368;3.4160726777965134;2.6583448818255846;0.12970296047072885
0;0.6189679384238691;17.928389900183127;41.907337164784096;0.8130534843554733;0.8453955351800139;6.651664453176467;21.334692630337383;0.5201512934715532
1;0.8593390503811495;7.497648719200068;18.668038646887098;0.4252397080638886;0.9396687697305519;5.74918316371578;6.32066342136982;0.2589354746566181
2;0.9017689067910563;6.054949967403174;12.924214464800228;0.30551695621080965;0.9517410822471234;4.254473001104742;5.386035946033962;0.19148450787569013
3;0.9186063883790239;5.14857864107034;10.717337034913186;0.26344706673599977;0.9602341663342776;3.924116650127549;4.035940972962041;0.16909573190827243
4;0.9244031434359491;4.817773027772254;9.94937380444399;0.24372752393425093;0.962721426679046;4.567072708205788;2.8510043079833967;0.16671261960110367
5;0.9283473272588193;4.620000321319313;9.422809142586534;0.2292782022943986;0.9652693519688323;4.1787112886770865;2.7481442429260907;0.15452470560077902
6;0.929019631253639;4.578125295716832;9.296497509990811;0.22759889273705544;0.9668163068952331;4.3839436579433295;2.205063447851604;0.15202298465355946
7;0.9321570502695463;4.3868561497145535;8.945448802135635;0.21657496391453485;0.9666039794574979;4.174704135144055;2.4814072143276524;0.14580366331464717
0;0.6614724953081196;17.083124175128567;38.35916422347163;0.7524682989041621;0.8840390682307241;8.31640425320824;14.311888957885653;0.44181787517139615
1;0.8743239610681087;7.275365416547055;16.65050131411129;0.3840452411545435;0.9434299926478954;6.2222879502820145;5.093016011481781;0.24552612005217914
2;0.907804703136845;5.805818287312591;12.131203873896188;0.28981622653093425;0.9543800049689001;5.1824400772084545;3.9255004552520902;0.19602277922315003
3;0.9216840468345069;5.064078390535962;10.282401758031487;0.2521198740891931;0.9590512012804749;3.551918233953845;4.6073542793408615;0.15985594268231043
4;0.9272118803579764;4.712643961228657;9.574557381891337;0.2358217840021304;0.9641773841879201;4.70620339525987;2.4150964667050188;0.1646470866014413
5;0.9304090597330553;4.606444481586283;9.059997058888584;0.22608114847163194;0.9652693522436414;3.4892111789598768;3.447191404561573;0.1422366732548406
6;0.9346520452734196;4.281281388870619;8.585568249512358;0.21684880490025846;0.9688182480848405;3.8890315078757567;2.3432850303710073;0.1430973610873507
7;0.9375504228009918;4.100619123810332;8.218308195148957;0.20816933038221033;0.9690912401638573;3.579850840065208;2.5871675174752937;0.13701711660506394
0;0.652239519428743;17.27307117774303;39.04875950205332;0.7564154074767452;0.8840997331034237;7.460620569679466;14.989448539032226;0.4415514486213819
1;0.8682284041387427;7.710951851962106;17.26987665737591;0.3981075377144;0.9361198738314983;5.523267512007901;7.228692240114497;0.24963629153190786
2;0.9033824365813008;6.082036371094583;12.617083743471516;0.3049265698151012;0.9497088087007161;4.57836661897681;5.465860845394084;0.19836751070236067
3;0.9136163982394834;5.54806114728455;11.276764059150835;0.2723983219266027;0.9571705896193123;4.035454050021043;4.521648766606273;0.17192662441305268
4;0.922939014505342;5.00165451400419;10.087601707432393;0.2482363885201726;0.9578682359084723;4.150233397174882;4.269958209945171;0.16652721437080714
5;0.9273762213488149;4.719929488191728;9.517544817482099;0.23703424375150617;0.9609318125945102;5.127668149203417;2.603255553084709;0.1698353229738271
6;0.9293632534840631;4.590054420651628;9.26411264635954;0.2297891829903397;0.9635404029884144;4.172350510437782;3.102138037619097;0.15517523010446446
7;0.9297218154057819;4.648165333654654;9.178243457047481;0.2260634288987456;0.9638740595351489;4.4912453861787345;2.696633407775131;0.1552760571863315
0;0.611139331294028;18.36477346990492;42.708946759647986;0.8273105239028958;0.8438182479257406;6.124723089982282;21.61707137250634;0.5308725431369827
1;0.8627304509097333;7.123845191760882;18.41944320409823;0.41895588700104597;0.9440366416352376;5.246355480836509;5.923408945912558;0.24254739588613333
2;0.9092987122942343;5.410680364642732;12.160028717068828;0.2889332539566774;0.9569582624563862;5.525607700574691;3.032287088883383;0.19862887035495763
3;0.924313502962198;4.699464165249322;10.079725691360814;0.2426695138800186;0.9651783546091601;4.273533360236653;2.6690909131236866;0.15799520933289632
4;0.9302148385385874;4.4889705659925205;9.217865152547366;0.22729054647206612;0.968150934412826;3.5393855738946463;2.8302446633570115;0.13915427230900568
5;0.9333074372624084;4.170642771883171;8.92781497223432;0.21817982029527666;0.9700618780836612;3.6145121262681568;2.3674556176889814;0.13494965567139855
6;0.936459796324029;4.067068465792481;8.438466209233578;0.20884246723782326;0.9726098033445202;3.5466265362519946;1.914852391108527;0.12684948844358315
7;0.9388053904931988;3.9337758279756474;8.118248876652071;0.20367468813561196;0.9718211600572789;3.84686566405839;1.7577318501570827;0.13054809338026502
0;0.6322496788913577;18.820505795681285;40.74950531644853;0.7917117892201574;0.8696008250424654;7.974661017008066;17.075371067201708;0.4910459065214577
1;0.8638360175642031;7.512354756091214;18.014126357191024;0.40788624794022194;0.9390014558560464;6.608440542764902;5.5629260816264;0.2644594580882442
2;0.9043684822271248;5.956699650042634;12.518527009786574;0.2999523292363062;0.9536823585206402;4.565467209296445;4.693329487457868;0.19055504277547394
3;0.9199808767040861;5.136345286213594;10.472474043450578;0.25831227313887317;0.9596881823498079;4.50159952577472;3.5330547970552173;0.1720107622667008
4;0.9258971524597636;4.72546571614791;9.747464704945264;0.23814559050126302;0.962054113223986;4.819994006970356;2.707386764123931;0.16791320825210332
5;0.9303194190598326;4.455507860629107;9.193514057058776;0.229068655437082;0.9642380489159834;4.653133979904742;2.4296591771918865;0.16092123277801762
6;0.9319478889848404;4.366217306112122;8.958104265741726;0.22321320766712263;0.9651783549128965;4.9533836799349436;1.8899937300854475;0.15998897187138783
7;0.935339289602474;4.322897104400998;8.39858800460793;0.21379596392557043;0.9695462267886548;3.631377669741476;2.4388882603294726;0.13605968999836637
0;0.6390474197698329;17.606460728529772;40.31220149005087;0.7818534086036039;0.8686908518217976;7.242491656847007;17.609035248491434;0.47359616307777214
1;0.8692443301876677;7.3997953595267925;17.234645877102597;0.3925690047413304;0.9417010434215956;4.640851451945056;6.966744056693329;0.23180069618362792
2;0.9094032926587516;5.62934921247095;11.945255464023866;0.287344605139345;0.9545013345262722;5.9069465243738275;3.1244301585368928;0.19818140621310848
3;0.9224161113897508;4.967423186836627;10.195655584299708;0.25119813362598264;0.9637527297608224;4.4272759762587865;2.815633891479855;0.16247813915980727
4;0.9300803775269725;4.439021582698489;9.254680707235476;0.22859723508851337;0.9647840328715259;4.765778317667853;2.2324064197369036;0.15727097167389625
5;0.9337108196329414;4.287977925071291;8.736644929384392;0.21728345752608363;0.965815336199184;4.632087983543564;2.160291447161587;0.14753707037825978
6;0.9372964412455713;4.052959250745552;8.26425944925669;0.2057658068115099;0.9686969180646321;3.968288975183144;2.2763734231785473;0.13440559222097392
7;0.9372366808400938;4.080275482766233;8.255352257934232;0.20519095665489473;0.9703652027942867;3.263130331930389;2.6671888543633226;0.12321170448924233
0;0.6393312814843577;17.842638203677932;40.23719690466324;0.7796562246711801;0.8723307449648143;7.601463709662071;16.811316115970143;0.4661686011047451
1;0.8691546897798136;7.49495938258314;17.15331611102706;0.39616501307553026;0.941306721655034;6.548413124052074;5.147630185301053;0.251318203266805
2;0.9088654496987001;5.585241300366487;12.045691780974618;0.29022425064590496;0.9553506432213675;4.445026330709515;4.4956776580599955;0.18342241276759771
3;0.9221621299447522;4.9856811237281065;10.196311450152045;0.2506274567562404;0.9604768260564945;4.738965506577949;3.1296414740020224;0.17175853809622474
4;0.9296769953576921;4.5816472742816625;9.226877137551542;0.2286027044473709;0.9620844454795404;4.890111788532393;2.653459887283573;0.1633680344416198
5;0.9328144141954998;4.43175504178189;8.766988414914065;0.21802891003087113;0.9645717057664543;3.8964210702099575;3.179443128651075;0.14331310368790495
6;0.9343532435577067;4.354129062019636;8.557463351543289;0.21278593074202548;0.9676352825392742;3.35040674531266;3.1147292612016098;0.13284462335271124
7;0.9378641646532488;4.064461752771886;8.159169213097249;0.20693586556562107;0.9677566126462644;3.7862807772339506;2.6479429873526894;0.13359693244544374
0;0.6328174021209355;17.755372328038288;40.83194919895876;0.793032902270617;0.8692671682209218;8.417900328206889;16.752902187383512;0.4985370943193961
1;0.8666895748442137;7.414499201039259;17.66237687741146;0.4050022065612781;0.9401844212714401;5.20655725812831;6.725437474754128;0.2414091454854552
2;0.9087608688907143;5.713053481616655;12.0438834325525;0.2920726514564857;0.9562302838393537;5.951017205040017;2.7130138642635777;0.20647474679371824
3;0.919054591219743;5.232900967000829;10.591826669179667;0.2603108386397558;0.9632067458342071;4.26280556798878;3.1033618746669336;0.16557524838339963
4;0.9263602951912492;4.817137337451904;9.635637342824761;0.23955131026655707;0.9658760009272472;4.1006254761058765;2.7078953634561542;0.15418862101450848
5;0.9307825618358432;4.524837633754659;9.073531429707838;0.22662612466523327;0.9666646443735885;4.0383308267628095;2.632472172809787;0.14616925525914057
6;0.9334120179172284;4.45260399401724;8.65994427530197;0.21938658234855238;0.9684239264050608;4.1409367504874295;2.156006701737172;0.14087703062171236
7;0.9352347088586042;4.212336691941787;8.533327251865982;0.2104764290125707;0.968969910056867;3.9832469321836173;2.2109988691071463;0.13832638979869338
