epoch;acc;fnr;fpr;loss;val_acc;val_fnr;val_fpr;val_loss
0;0.6350556896335342;6.429515769922334;39.94586120121661;0.45895145759135075;0.9438841283832136;1.3456646718492173;9.210195309265881;0.13494447510345697
1;0.9344050438210469;1.8524983690522823;10.319700128518296;0.12171574463957047;0.9864108593530613;1.3939023560458683;1.3177937468360026;0.05635623011277309
2;0.9609164320045944;1.3147178561558863;6.208004864101549;0.07610548162221872;0.9896109806846757;1.614374463438147;0.44112718903359394;0.051100604876151555
3;0.968737627677853;1.0660425131412514;5.000652871892781;0.06301173930597215;0.9922347765447264;1.0345725231936516;0.5094441154849821;0.033230855411577234
4;0.9737575354260124;0.906732046802383;4.213719899659001;0.05298700384260861;0.9932812619645013;0.9620584550706252;0.3734681275034273;0.03175219538684248
5;0.9770518500176899;0.8268381756077088;3.6665170694803275;0.04772215601475435;0.9939182529983179;0.9507445578995671;0.2563302419993264;0.03027366409336019
6;0.9780827239447967;0.7808377173609697;3.5117020590609327;0.04533689849233548;0.9933570939785628;1.1502803718310595;0.15810938162791718;0.03304297476843064
7;0.9800847109871891;0.7462099159311636;3.172262024314697;0.04152146640484366;0.995298400055045;0.665755572530203;0.27178303487217526;0.022221768491832883
8;0.9804432758122543;0.7247379057369996;3.1219542983474713;0.04103627609094596;0.995222567796002;0.7440837242084953;0.20175965369095747;0.02403976380804703
